r(2): 0.03287753867743487
r(3): 0.035514731636041075
r(4): 0.03286069917884858
r(5): 0.03895311386489468
r(6): 0.03554998629687604
r(7): 0.032811597918655386
r(8): 0.03286383462780904
r(9): 0.03553371007848463
r(10): 0.039067157276406375
r(11): 0.0328816224310756
r(12): 0.035519540811583844
r(13): 0.032756478213088844
r(14): 0.0327225345585854
r(15): 0.054124528325143445
r(16): 0.03280807623186673
r(17): 0.03284903154120664
r(18): 0.03557346541839013
r(19): 0.03259467863619295
r(20): 0.039074228463814364
r(21): 0.03521958910238
r(22): 0.03294980112336163
r(23): 0.03295411376697907
r(24): 0.03541821786463308
r(25): 0.03895466753126693
r(26): 0.0328507548442532
r(27): 0.035261236335872005
r(28): 0.03253072566859217
r(29): 0.03256384657889128
r(30): 0.054126075651830925
r(31): 0.03261929216014991
